 epoch    time  train/box_loss  train/seg_loss  train/cls_loss  train/dfl_loss  metrics/precision(B)  metrics/recall(B)  metrics/mAP50(B)  metrics/mAP50-95(B)  metrics/precision(M)  metrics/recall(M)  metrics/mAP50(M)  metrics/mAP50-95(M)  val/box_loss  val/seg_loss  val/cls_loss  val/dfl_loss   lr/pg0   lr/pg1   lr/pg2
    41 270.945         0.17442         0.18250         0.20050         0.86025               0.99505            0.88235           0.92929              0.90375               0.99505            0.88235           0.90700              0.89443       0.29182       0.77773       0.36827       0.89195 0.000021 0.000021 0.000021
    42 277.231         0.14705         0.19698         0.17736         0.84756               0.99577            0.88235           0.92804              0.89506               0.99577            0.88235           0.90421              0.89699       0.26337       0.76429       0.34256       0.87872 0.000019 0.000019 0.000019
    43 283.902         0.17134         0.22183         0.16984         0.86085               1.00000            0.93795           0.95849              0.89667               0.99649            0.88235           0.90361              0.89895       0.28549       0.82763       0.31623       0.89470 0.000017 0.000017 0.000017
    44 290.130         0.13729         0.19300         0.13494         0.84648               1.00000            0.93817           0.96074              0.89929               0.99662            0.88235           0.90698              0.90166       0.28044       0.83376       0.31098       0.89406 0.000015 0.000015 0.000015
    45 296.389         0.13892         0.18570         0.12329         0.85324               1.00000            0.93843           0.95059              0.90091               0.99653            0.88235           0.90870              0.90383       0.29546       0.84809       0.32178       0.90933 0.000013 0.000013 0.000013
    46 302.649         0.13344         0.17923         0.12613         0.81677               1.00000            0.93850           0.95169              0.90408               0.99645            0.88235           0.89880              0.89880       0.30539       0.81869       0.31914       0.92439 0.000011 0.000011 0.000011
    47 308.894         0.14073         0.18902         0.12386         0.83460               1.00000            0.93859           0.95270              0.91124               0.99636            0.88235           0.90088              0.90088       0.30326       0.83640       0.29972       0.92148 0.000009 0.000009 0.000009
    48 315.143         0.14067         0.17841         0.13285         0.82725               1.00000            0.93851           0.95333              0.91240               0.99642            0.88235           0.90217              0.90217       0.28442       0.84929       0.27732       0.90736 0.000007 0.000007 0.000007
    49 321.374         0.13865         0.17608         0.12265         0.85392               1.00000            0.93845           0.95449              0.90956               0.99636            0.88235           0.90457              0.90457       0.27946       0.79849       0.26440       0.90228 0.000005 0.000005 0.000005
    50 327.740         0.14237         0.17759         0.12196         0.82974               1.00000            0.93837           0.95449              0.90956               0.99645            0.88235           0.90457              0.90457       0.27664       0.80988       0.26853       0.90045 0.000003 0.000003 0.000003