 epoch    time  train/box_loss  train/seg_loss  train/cls_loss  train/dfl_loss  metrics/precision(B)  metrics/recall(B)  metrics/mAP50(B)  metrics/mAP50-95(B)  metrics/precision(M)  metrics/recall(M)  metrics/mAP50(M)  metrics/mAP50-95(M)  val/box_loss  val/seg_loss  val/cls_loss  val/dfl_loss   lr/pg0   lr/pg1   lr/pg2
    41 468.084         0.07305         0.03989         0.09058         0.79055               0.99919                1.0             0.995                0.995               0.99919                1.0             0.995                0.995       0.05368       0.03586       0.07184       0.73537 0.000021 0.000021 0.000021
    42 479.456         0.08034         0.04910         0.09148         0.78502               0.99918                1.0             0.995                0.995               0.99918                1.0             0.995                0.995       0.05742       0.03614       0.06564       0.73698 0.000019 0.000019 0.000019
    43 490.831         0.06894         0.03977         0.07903         0.79172               0.99918                1.0             0.995                0.995               0.99918                1.0             0.995                0.995       0.05354       0.03569       0.06726       0.73504 0.000017 0.000017 0.000017
    44 502.195         0.07003         0.03886         0.07851         0.77768               0.99917                1.0             0.995                0.995               0.99917                1.0             0.995                0.995       0.05362       0.03458       0.06862       0.73351 0.000015 0.000015 0.000015
    45 513.542         0.06864         0.03702         0.07772         0.78837               0.99918                1.0             0.995                0.995               0.99918                1.0             0.995                0.995       0.04934       0.03335       0.06205       0.73327 0.000013 0.000013 0.000013
    46 524.949         0.06326         0.03566         0.07291         0.77417               0.99918                1.0             0.995                0.995               0.99918                1.0             0.995                0.995       0.04753       0.03302       0.06292       0.73269 0.000011 0.000011 0.000011
    47 536.337         0.06517         0.03703         0.07328         0.76727               1.00000                1.0             0.995                0.995               1.00000                1.0             0.995                0.995       0.04441       0.03321       0.05935       0.73239 0.000009 0.000009 0.000009
    48 547.752         0.06694         0.04086         0.07252         0.77318               0.99918                1.0             0.995                0.995               0.99918                1.0             0.995                0.995       0.04738       0.03368       0.05713       0.73261 0.000007 0.000007 0.000007
    49 559.277         0.06156         0.03807         0.06820         0.78328               1.00000                1.0             0.995                0.995               1.00000                1.0             0.995                0.995       0.04504       0.03383       0.05815       0.73263 0.000005 0.000005 0.000005
    50 570.902         0.05892         0.03771         0.06762         0.76967               1.00000                1.0             0.995                0.995               1.00000                1.0             0.995                0.995       0.04638       0.03375       0.05611       0.73304 0.000003 0.000003 0.000003